                4784 2075 1749 1831
                5442 2329 3216 1698
                4820 1831 4357 1375
                4845 1754 5309 923
                4880 2157 5792 1106
                5398 2278 6354 932
                4894 1851 6802 687
                4792 1724 7096 475
                4884 2185 7238 838
                5366 2291 7577 602
                4965 1832 7793 644
                4742 1713 8063 402
                4895 2138 8166 511
                5369 2375 8312 576
                5036 1878 8500 512
                4308 1497 8689 482
                4698 2042 8889 824
                5315 2207 9222 908
                5051 1874 9625 805
                4612 1662 9947 565
                4747 2017 10193 645
                5320 2295 10468 414
                5200 2008 10580 430
                4699 1622 10690 217
                4759 2010 10735 356
                5213 2238 10854 366
                5139 2012 10951 297
                4513 1594 11039 199
                4816 2047 11084 262
                5138 2273 11157 373
                5232 2034 11273 476
                4323 1561 11444 303
                4810 2004 11544 290
                5125 2216 11630 258
                5409 2157 11686 250
                4407 1516 11760 119
                5297 2162 11776 231
                4992 2223 11822 207
                5561 2280 11866 200
                3623 1117 11910 162
                5167 2079 11957 458
                4820 2065 12120 485
                5675 2202 12260 448
                3780 1143 12382 258
                5236 2139 12451 286
                5030 2168 12523 232
                5724 2329 12561 226
                3955 1205 12605 79
                5283 2156 12614 167
                5101 2287 12648 197
                5782 2370 12670 449
                4031 1287 12815 531
                5355 2142 13078 582
                5021 2247 13291 384
                5638 2259 13399 199
                3950 1217 13432 258
                5365 2206 13502 696
                4946 2120 13762 758
                5571 2222 14086 602
                3898 1166 14286 159
                5230 2117 14328 192
                4769 2031 14357 218
                5511 2209 14400 211
                3914 1183 14447 81
                5294 2090 14455 136
                4718 2023 14473 147
                5513 2225 14499 164
                3943 1174 14524 84
                5276 2120 14537 130
                4757 2043 14558 363
                5129 2087 14650 628
                4111 1255 14850 436
                5368 2160 15048 622
                4798 2072 15248 510
                5500 2173 15404 421
                4160 1252 15515 288
                5277 2122 15619 269
                4732 2055 15684 155
                5455 2259 15707 188
                4182 1288 15744 180
                5235 2160 15782 280
                4782 2073 15853 310
                5497 2313 15932 297
                4309 1363 15986 168
                5212 2073 16022 217
                4847 2137 16061 223
                5614 2364 16109 203
                4490 1529 16149 163
                4318 1672 16180 97
                4915 2168 16187 187
                5638 2370 16222 371
                4585 1517 16328 310
                5182 2023 16427 359
                4991 2201 16533 369
                5628 2334 16628 370
                4686 1613 16710 271
                5109 1943 16801 159
                4970 2228 16836 148
                5634 2404 16863 184
                4661 1595 16901 158
                5078 1939 16924 160
                4974 2181 16953 185
                5651 2395 16976 177
                4734 1615 17001 129
                5034 1894 17026 98
                4984 2183 17038 177
                5649 2393 17070 154
                4750 1682 17097 98
                5010 1899 17113 84
                4963 2196 17125 132
                5596 2290 17150 113
                4796 1668 17167 89
                4941 1795 17187 69
                4948 2187 17191 112
                5603 2394 17206 117
                4844 1741 17226 85
                4891 1788 17240 66
                4957 2152 17242 102
                5560 2328 17248 107
                4831 1719 17266 86
                4818 1759 17282 74
                4811 2107 17292 118
                5316 2218 17307 106
                4747 1735 17324 93
                4768 1689 17334 72
                4838 2119 17342 129
                5454 2332 17356 132
                5016 1856 17370 133
                4729 1703 17389 68
                4969 2197 17396 187
                5510 2302 17418 166
                5072 1891 17447 160
                4701 1628 17470 99
                4896 2120 17486 246
                5431 2279 17553 238
                5038 1874 17614 212
                4680 1655 17672 121
                4865 2139 17692 106
                5305 2284 17705 94
                5201 2007 17721 121
                4792 1727 17743 77
                4948 2145 17755 103
                5431 2373 17768 101
                5308 2025 17783 85
                4705 1665 17795 87
                4780 2060 17807 142
                5388 2266 17833 175
                5370 2054 17863 151
                4611 1581 17895 170
                4721 2001 17928 221
                5359 2249 17967 220
                5461 2191 18010 118
                4612 1597 18033 64
                4878 2042 18043 108
                5368 2389 18061 100
                5565 2162 18071 117
                4545 1545 18086 36
                5265 2135 18087 88
                5155 2302 18100 97
                5832 2317 18110 204
                3928 1190 18163 180
                5157 2026 18220 204
                5135 2251 18253 283
                5838 2348 18329 264
                3906 1228 18376 125
                5291 2156 18401 99
                5150 2289 18413 82
                5824 2363 18421 71
                4037 1300 18428 54
                5269 2169 18432 61
                5105 2228 18435 104
                5822 2383 18454 146
                4019 1280 18474 76
                5158 2105 18479 70
                5130 2267 18490 73
                5804 2382 18499 90
                4072 1267 18513 46
                5155 2060 18516 133
                5054 2184 18539 402
                5848 2286 18645 501
                3949 1258 18787 274
                5129 2065 18892 296
                5101 2237 18953 174
                5808 2331 18980 82
                4128 1308 18989 52
                5244 2153 18992 72
                5035 2217 19002 127
                5800 2375 19019 102
                4098 1335 19030 59
                5191 2110 19038 71
                5065 2287 19044 83
                5795 2415 19058 83
                4217 1368 19064 49
                5206 2169 19072 71
                4974 2138 19076 119
                5814 2331 19095 164
                4131 1310 19113 68
                5210 2100 19119 75
                5010 2216 19125 65
                5786 2410 19131 70
                4238 1332 19142 50
                5154 2102 19151 91
                4905 2114 19165 199
                5827 2336 19197 318
                4174 1308 19264 174
                5119 2051 19298 188
                4960 2161 19338 158
                5772 2415 19363 79
                4298 1391 19367 47
                5252 2111 19370 66
                4937 2212 19379 64
                5771 2296 19390 115
                4293 1327 19407 159
                5017 2055 19443 324
                4887 2118 19534 308
                5740 2292 19602 300
                4128 1362 19673 157
                5060 2010 19712 135
                4790 2076 19729 138
                5509 2245 19750 70
                4102 1361 19758 33
                5131 2065 19768 58
                4504 1963 19777 82
                5345 2121 19788 129
                4214 1262 19809 84
                5004 1921 19833 99
                4749 2031 19848 113
                5596 2290 19858 71
                4524 1493 19867 51
                5083 1970 19872 37
                4988 2211 19880 93
                5651 2361 19896 85
                4672 1613 19904 52
                4984 1931 19912 73
                4862 2070 19920 120
                5636 2346 19937 106
                4648 1616 19956 62
                5004 1886 19966 32
                4903 2163 19968 54
                5601 2382 19969 59
                4750 1684 19975 46
                4957 1882 19980 49
                4963 2195 19990 59
                5513 2314 19992 58
                4832 1716 20000 58
                4880 1808 20006 36
                4956 2152 20010 75
                5589 2320 20017 74
                4879 1740 20022 60
                4779 1707 20029 38
                4768 2053 20033 67
                5548 2369 20035 63
                4964 1794 20041 40
                4806 1729 20046 22
                5026 2222 20050 61
                5523 2432 20053 83
                5828 2388 20068 126
                4077 1287 20090 84
                5338 2093 20105 104
                5151 2285 20113 118
                5814 2348 20138 185
                4065 1279 20203 100
                5307 2110 20237 300
                5051 2202 20344 370
                5668 2309 20469 316
                4134 1277 20548 156
                5283 2076 20586 198
                4941 2196 20618 236
                5643 2269 20681 227
                4239 1330 20736 127
                5254 2049 20769 176
                4982 2159 20799 206
                5719 2342 20867 224
                4413 1443 20934 158
                5220 2070 20983 160
                5029 2173 21014 181
                5646 2356 21063 213
                4412 1447 21118 133
                5168 2015 21148 136
                4783 2076 21177 174
                5634 2325 21214 215
                4452 1469 21251 164
                5160 1953 21311 198
                4937 2123 21361 219
                5584 2357 21442 248
                4479 1542 21513 293
                5144 1965 21645 270
                4941 2183 21732 334
                5511 2385 21837 396
                4625 1656 21960 298
                5148 1927 22069 250
                4833 2152 22145 270
                5495 2364 22217 257
                4700 1695 22285 227
                5072 1891 22351 185
                5131 2249 22387 372
                5469 2393 22521 412
                4914 1803 22661 313
                5198 1814 22774 375
                5177 2254 22910 375
                5450 2429 23030 361
                5065 1899 23128 252
                4965 1731 23197 197
                5084 2210 23252 248
                5436 2325 23293 210
                5006 1801 23345 202
                4781 1626 23400 131
                5108 2173 23436 213
                5433 2380 23483 189
                5048 1858 23511 120
                4817 1627 23530 111
                4949 2094 23551 157
                5243 2242 23585 130
                4982 1815 23609 140
                4821 1630 23654 126
                4831 2031 23682 139
                5243 2241 23710 135
                5060 1906 23735 126
                4757 1653 23769 122
                4830 2068 23802 108
                5187 2212 23826 134
                5045 1985 23843 160
                4771 1684 23878 110
                4779 2084 23909 115
                5226 2285 23935 136
                5185 2079 23962 126
                4690 1668 23986 99
                4593 1977 24002 112
                5076 2267 24019 143
                5345 2216 24039 118
                4675 1637 24063 109
                4785 2046 24088 115
                5290 2376 24113 136
                5569 2289 24137 139
                4621 1563 24160 94
                4802 2008 24186 115
                5306 2385 24221 146
                5537 2276 24253 139
                4614 1594 24268 82
                4759 1951 24282 98
                5260 2357 24298 167
                5551 2275 24329 171
                4571 1586 24372 102
                4765 1999 24400 81
                5223 2335 24419 146
                5600 2354 24444 133
                4555 1589 24457 117
                4797 1973 24483 88
                5224 2317 24497 124
                5651 2405 24518 112
                4458 1536 24540 95
                4823 1921 24558 60
                5218 2381 24567 135
                5681 2389 24593 124
                4374 1506 24609 79
                5266 2093 24620 64
                5047 2270 24624 92
                5665 2404 24640 88
                4066 1331 24649 55
                5277 2095 24655 83
                4999 2258 24669 88
                5652 2331 24682 102
                4107 1337 24694 69
                5285 2073 24705 93
                4952 2231 24715 122
                5661 2393 24733 179
                4096 1385 24768 121
                5267 2074 24804 151
                4926 2181 24839 108
                5598 2349 24864 87
                4194 1401 24875 67
                5245 2079 24883 88
                4885 2214 24891 129
                5619 2342 24920 190
                4177 1439 24965 135
                5211 2075 24994 97
                4880 2179 25003 89
                5568 2400 25020 81
                4301 1479 25027 63
                5193 2018 25034 53
                4864 2204 25040 85
                5588 2370 25053 73
                4389 1546 25058 61
                5155 1940 25065 46
                4867 2224 25071 81
                5609 2351 25084 79
                4507 1592 25094 52
                5117 1921 25101 45
                4973 2239 25103 59
                5708 2382 25107 75
                4672 1625 25116 55
                5050 1838 25123 57
                5034 2227 25129 92
                5749 2475 25137 97
                4705 1669 25155 93
                5000 1862 25171 106
                5027 2200 25186 224
                5754 2420 25244 211
                4740 1753 25297 94
                4982 1872 25311 71
                5074 2291 25317 75
                5675 2404 25328 150
                4884 1824 25358 116
                4933 1829 25382 68
                5080 2273 25397 105
                5673 2436 25419 97
                4932 1869 25425 99
                4891 1773 25443 69
                5100 2314 25452 93
                5596 2399 25466 54
                4994 1859 25472 88
                4787 1668 25488 55
                5094 2220 25499 89
                5632 2417 25504 99
                5023 1880 25516 84
                4726 1639 25532 76
                5087 2237 25547 151
                5583 2398 25570 79
                5092 1919 25579 60
                4758 1648 25589 44
                5121 2227 25599 75
                5533 2376 25609 60
                5141 1984 25615 52
                4764 1633 25620 40
                5062 2215 25626 64
                5504 2341 25635 53
                5204 2032 25643 57
                4743 1658 25648 41
                5034 2186 25653 56
                5502 2348 25655 78
                5263 2004 25666 188
                4671 1702 25702 237
                4940 2137 25785 300
                5563 2392 25863 263
                5245 2094 25930 203
                4694 1695 25973 104
                5011 2157 25989 79
                5181 2169 25997 43
                5363 2061 25998 56
                4716 1621 26010 44
                4980 2112 26017 58
                5447 2368 26025 55
                5414 2163 26031 59
                4703 1645 26037 27
                4935 2079 26041 63
                5459 2364 26046 78
                5462 2149 26053 52
                4659 1592 26061 50
                4912 2073 26069 147
                5478 2358 26102 174
                5526 2267 26130 128
                4606 1620 26152 61
                4894 2002 26160 63
                4874 2042 26175 54
                5585 2263 26180 53
                4547 1607 26187 27
                4798 1959 26192 43
                5135 2301 26200 55
                5396 2199 26205 60
                4481 1532 26212 31
                4709 1947 26213 91
                5183 2283 26216 81
                5527 2235 26223 49
                4578 1585 26228 78
                4880 2039 26243 130
                5248 2335 26261 197
                5679 2367 26294 200
                4586 1578 26346 111
                4919 2026 26376 126
                5215 2358 26401 193
                5659 2359 26436 120
                4442 1490 26451 70
                5282 2082 26463 58
                5080 2315 26471 121
                5678 2459 26490 145
                4139 1407 26510 101
                5412 2144 26540 119
                5003 2259 26562 107
                5668 2426 26582 59
                4109 1352 26588 54
                5282 2078 26596 50
                4986 2252 26605 75
                5645 2346 26613 60
                4147 1365 26618 28
                5304 2142 26624 53
                4992 2268 26630 118
                5658 2423 26654 112
                4248 1434 26674 75
                5349 2204 26689 81
                5002 2262 26700 140
                5667 2457 26724 177
                4316 1456 26751 110
                5383 2171 26780 136
                5016 2282 26806 167
                5659 2434 26836 137
                4354 1504 26861 88
                5314 2143 26880 82
                5014 2262 26889 135
                5596 2366 26909 175
                4390 1506 26938 87
                5232 2090 26952 80
                4836 2191 26952 67
                5503 2335 26954 53
                4267 1468 26960 46
                5156 2007 26964 43
                4831 2190 26971 75
                5514 2376 26980 85
                4440 1601 26995 85
                5231 2028 27009 82
                4914 2261 27019 133
                5541 2427 27034 122
                4535 1643 27058 83
                5127 1938 27073 76
                4914 2283 27084 94
                5540 2426 27097 80
                4598 1721 27108 69
                5116 1958 27113 63
                4961 2291 27121 129
                5558 2464 27136 163
                4819 1857 27163 97
                5045 1926 27184 61
                4938 2229 27196 96
                5539 2390 27208 65
                4377 1636 27215 36
                4902 1751 27221 36
                4641 2099 27226 64
                5300 2242 27235 54
                4659 1685 27240 57
                4840 1701 27247 33
                4827 2062 27251 45
                5412 2289 27259 58
                4784 1812 27266 34
                4813 1644 27269 24
                4902 2152 27272 44
                5451 2367 27276 58
                4876 1840 27280 30
                4779 1661 27284 42
                5037 2275 27284 82
                5484 2379 27291 89
                5054 1909 27299 83
                4791 1670 27310 44
                5071 2254 27314 78
                5499 2470 27325 82
                4748 1877 27334 82
                4803 1687 27348 45
                5069 2250 27353 88
                5482 2349 27367 50
                5148 1985 27377 50
                4741 1676 27386 31
                4984 2163 27390 40
                5448 2373 27394 44
                4025 1686 27402 35
                4728 1606 27404 18
                4873 2021 27406 39
                5157 2213 27413 38
                5017 1952 27419 27
                4709 1635 27420 14
                4644 1908 27420 42
                5103 2195 27422 74
                5095 2051 27432 81
                4749 1666 27439 55
                4791 2051 27446 71
                5447 2423 27452 94
                5518 2256 27459 68
                4703 1638 27469 36
                4920 2031 27473 46
                5429 2402 27472 47
                5553 2184 27474 63
                4646 1575 27485 23
                4892 2030 27485 37
                5426 2397 27487 45
                5636 2236 27490 51
                4623 1563 27499 38
                4853 2019 27505 62
                5403 2362 27511 51
                5632 2308 27518 34
                4644 1555 27517 22
                4834 1972 27519 30
                5381 2328 27520 35
                5646 2302 27526 51
                4664 1554 27536 29
                4826 1978 27539 31
                5341 2309 27541 43
                5712 2308 27546 36
                4646 1602 27545 38
                4811 1960 27550 35
                5323 2338 27550 39
                5760 2352 27552 37
                4587 1552 27549 21
                4737 1869 27553 20
                5331 2328 27553 57
                5838 2344 27554 84
                4473 1503 27562 45
                5209 2039 27568 85
                5204 2344 27574 152
                5878 2465 27596 196
                4123 1416 27641 85
                5214 2094 27655 143
                5183 2332 27677 133
                5788 2408 27697 60
                4217 1394 27706 27
                5295 2035 27709 33
                5133 2298 27716 37
                5844 2412 27720 76
                4204 1413 27729 62
                5260 2102 27738 92
                5111 2265 27746 122
                5833 2407 27758 128
                4111 1390 27778 65
                5198 2100 27792 81
                5062 2224 27802 64
                5819 2359 27810 110
                4388 1499 27827 95
                5029 1999 27850 198
                4994 2162 27899 190
                5747 2389 27950 155
                4237 1497 27983 86
                5135 2019 27999 103
                4854 2225 28013 57
                5406 2234 28021 33
                4084 1298 28021 16
                5134 1975 28023 39
                4579 2040 28024 77
                5357 2158 28030 97
                4236 1405 28042 39
                5156 1981 28046 34
                4805 2103 28052 51
                5561 2283 28056 45
                4062 1339 28062 40
                5109 1963 28066 27
                4952 2225 28069 43
                5693 2404 28073 48
                4653 1702 28078 36
                5063 1888 28081 33
                5000 2214 28083 46
                5709 2423 28082 59
                4685 1643 28088 34
                5007 1853 28089 36
                5008 2177 28090 39
                5652 2361 28093 34
                4726 1686 28097 29
                4950 1827 28098 49
                5036 2226 28103 103
                5448 2392 28118 273
                4890 1905 28214 220
                5796 2052 28303 300
                5493 2329 28436 306
                4695 2360 28554 363
                5474 2006 28711 239
                5764 1892 28774 250
                5097 2323 28860 266
                5238 2385 28935 269
                5157 2004 29037 149
                4762 1680 29100 179
                5289 2231 29153 228
                5079 2524 29242 347
                5290 2145 29402 263
                5949 1753 29525 207
                5829 2085 29610 322
                4309 2146 29768 342
                6049 1919 29926 245
                6090 1701 30040 171
                5630 1981 30102 269
                4637 2260 30220 309
                5951 2143 30348 265
                5341 1611 30466 179
                5392 1964 30530 286
                4762 2254 30665 336
                5849 2200 30831 312
                5130 1578 30971 143
                5248 1857 31026 283
                4747 2070 31170 361
                5669 2161 31348 333
                4953 1568 31509 199
                4791 1661 31590 261
                5051 2082 31705 386
                5419 1936 31878 305
                4791 1479 31994 197
                4441 1411 32066 185
                5095 2015 32139 323
                5277 1851 32275 287
                5012 1534 32384 242
                4427 1391 32481 171
                4893 1830 32532 240
                5328 1817 32628 268
                5068 1570 32740 225
                4443 1385 32831 148
                4490 1768 32870 221
                4871 1757 32948 239
                4748 1539 33044 214
                4726 1343 33130 162
                4171 1705 33197 219
                4817 1824 33280 266
                5052 1617 33376 220
                4603 1350 33463 181
                4454 1660 33537 263
                4939 1812 33635 259
                5059 1580 33738 229
                4386 1379 33832 166
                4837 1709 33889 211
                4930 1728 33958 239
                5653 1467 34047 181
                4748 1336 34111 153
                4343 1506 34177 164
                4801 1515 34240 194
                5724 1483 34319 227
                4659 1275 34395 132
                4304 1352 34447 147
                4886 1596 34495 180
                5378 1366 34552 194
                5085 1402 34612 146
                4354 1346 34656 134
                4494 1478 34701 171
                5102 1240 34738 142
                5145 1390 34785 121
                4222 1358 34831 135
                4680 1577 34874 172
                4792 1320 34932 155
                4929 1407 34984 191
                4322 1465 35077 139
                4764 1595 35124 192
                4431 1220 35184 155
                4856 1382 35236 190
                4460 1432 35298 141
                4544 1553 35351 158
                4613 1250 35406 141
                4920 1373 35455 175
                4557 1423 35531 155
                4558 1582 35586 168
                4656 1220 35633 155
                4771 1305 35702 166
                4606 1352 35771 120
                4561 1480 35799 160
                4539 1188 35860 148
                4966 1374 35901 213
                4606 1314 35979 135
                4544 1485 36021 158
                4592 1170 36077 146
                5290 1323 36129 173
                4446 1249 36187 120
                4562 1436 36214 143
                4287 1205 36249 160
                5309 1200 36317 157
                4740 1225 36382 110
                4358 1354 36415 168
                4810 1292 36478 167
                4973 1172 36526 177
                4288 1201 36600 135
                3843 1252 36648 120
                4852 1298 36691 170
                4519 1065 36762 150
                3898 1150 36826 127
                3445 1230 36878 149
                4751 1334 36945 184
                4447 998 37006 151
                3744 1064 37064 108
                3407 1178 37109 145
                4591 1298 37155 146
                4586 1023 37208 148
                3867 1044 37270 94
                3677 1154 37295 113
                4615 1290 37338 152
                4735 1006 37391 144
                4192 996 37451 94
                3945 1073 37478 109
                4656 1212 37512 132
                4957 1052 37568 161
                4513 960 37631 67
                4103 1073 37653 120
                4672 1160 37697 127
                5051 1061 37731 121
                4485 962 37774 87
                4142 1013 37801 126
                4520 1107 37848 125
                5164 1132 37887 175
                4314 943 37957 122
                4207 1055 38005 116
                4328 1034 38050 127
                5183 1160 38097 160
                4407 924 38156 107
                4245 1031 38186 110
                4388 1128 38231 137
                5146 1123 38282 173
                4553 938 38353 116
                4277 1015 38393 107
                4387 1101 38430 133
                5323 1170 38479 172
                4730 924 38543 113
                4260 982 38575 131
                4267 1089 38616 127
                5435 1118 38666 146
                4671 896 38718 110
                4381 908 38761 98
                4247 1149 38787 144
                5476 1108 38849 164
                4676 872 38896 104
                4417 938 38927 124
                4198 1072 38976 125
                5456 1097 39015 161
                4729 872 39085 125
                4243 893 39131 115
                4446 1088 39167 139
                5162 1101 39209 153
                4724 875 39270 122
                4134 902 39309 114
                4551 1059 39343 132
                4914 1094 39390 134
                4632 847 39430 119
                4158 891 39460 82
                4443 1082 39484 104
                4920 1166 39504 147
                4412 820 39548 113
                4132 899 39590 100
                4382 1068 39627 132
                4887 1141 39667 153
                4345 829 39713 109
                3992 876 39755 88
                4316 1081 39783 136
                4807 1097 39827 146
                4862 1006 39873 139
                3865 844 39918 95
                4257 1035 39960 116
                4376 1037 39985 143
                4801 1014 40046 163
                3973 868 40104 94
                4128 981 40132 115
                4444 1049 40171 169
                4725 975 40228 151
                4120 905 40277 116
                4085 969 40321 87
                4479 1106 40344 155
                4580 939 40404 153
                4211 906 40444 132
                4080 966 40488 100
                4477 1074 40518 138
                4647 949 40560 125
                4051 874 40594 96
                4172 937 40622 119
                4385 1051 40660 130
                4821 968 40718 137
                3648 795 40766 93
                3142 775 40801 84
                4400 1026 40824 128
                4820 968 40860 175
                3974 883 40923 113
                3979 979 40962 95
                4633 1066 40997 159
                4818 973 41044 167
                4020 895 41102 137
                4096 940 41140 108
                4624 1058 41171 127
                4009 894 41213 146
                3975 809 41259 102
                4467 975 41279 114
                4170 1001 41318 130
                4559 900 41356 108
                4124 815 41388 84
                3813 882 41406 95
                4711 1029 41437 119
                5278 1029 41463 143
                3897 757 41509 112
                3783 880 41533 83
                4676 1082 41564 123
                5151 1048 41605 183
                3886 741 41663 98
                3808 850 41686 85
                4548 1064 41718 122
                5358 1063 41750 149
                4010 739 41807 112
                3649 827 41842 99
                4669 1053 41879 127
                5248 1059 41917 183
                3818 751 41974 108
                3761 803 42013 84
                4595 1039 42047 132
                4969 1050 42091 151
                4127 832 42149 126
                3725 800 42194 77
                4545 1086 42222 129
                5011 1096 42260 159
                3996 800 42300 113
                3931 798 42336 123
                4438 1044 42373 118
                4856 997 42411 159
                3901 825 42447 114
                4129 833 42481 104
                4360 1081 42511 136
                4895 1047 42558 163
                3879 793 42609 122
                3990 814 42641 97
                4376 1041 42672 135
                4908 1090 42717 159
                3991 812 42769 107
                3898 806 42801 101
                4490 1019 42828 131
                4682 1069 42862 169
                4134 856 42907 110
                3783 767 42924 94
                4554 1006 42955 115
                4653 1044 42996 149
                4140 827 43050 107
                3663 747 43083 102
                4438 1009 43129 131
                4851 1067 43170 151
                4071 852 43212 114
                3701 759 43240 91
                4309 990 43276 126
                5040 1129 43318 148
                3961 847 43377 107
                3823 849 43412 124
                4237 1051 43463 152
                5144 1135 43510 171
                4105 865 43565 117
                3748 831 43601 112
                4423 1076 43650 157
                5094 1161 43708 165
                4225 932 43761 142
                3796 876 43804 133
                4662 1107 43842 151
                4876 1189 43893 186
                4383 925 43962 133
                3879 899 44011 119
                4500 1048 44052 150
                5004 1179 44102 163
                4413 930 44143 145
                3948 914 44195 122
                4317 1014 44233 158
                5115 1190 44298 164
                4309 932 44348 125
                4081 956 44384 107
                4094 956 44407 151
                5238 1203 44458 184
                4376 913 44532 140
                4021 940 44579 92
                4075 971 44603 149
                5147 1168 44664 166
                4505 971 44714 154
                3837 881 44765 93
                4179 953 44792 132
                5047 1131 44826 156
                4640 1020 44887 160
                3845 879 44936 89
                4062 938 44964 159
                5194 1179 45027 165
                5048 1144 45083 176
                4088 923 45146 70
                3761 866 45153 139
                4948 1150 45207 157
                4991 1120 45269 148
                4157 946 45318 90
                3806 842 45350 133
                4936 1098 45399 142
                4963 1143 45440 162
                4116 943 45498 110
                4188 918 45531 97
                4474 1036 45570 127
                4885 1094 45608 140
                4310 997 45650 92
                3893 895 45679 116
                4767 994 45716 118
                5398 1141 45746 138
                4170 922 45792 81
                3612 794 45810 121
                4974 945 45851 114
                5404 1103 45874 140
                4186 918 45907 78
                3798 799 45927 106
                4862 973 45970 117
                5513 1147 46007 137
                4252 913 46043 112
                3816 842 46067 135
                4894 995 46116 129
                5698 1186 46159 136
                4263 901 46207 87
                3965 845 46239 109
                4850 1011 46270 157
                5561 1164 46327 148
                4373 967 46370 112
                4040 874 46399 104
                4866 1000 46427 142
                5588 1148 46474 145
                4422 930 46513 68
                4026 867 46532 109
                4943 1052 46572 178
                5415 1078 46633 186
                4466 988 46696 113
                4384 922 46719 101
                4571 1008 46752 152
                5527 1110 46796 144
                4506 967 46855 109
                4489 923 46881 89
                4472 928 46910 133
                5576 1162 46958 155
                4496 1023 47000 136
                4581 921 47047 80
                4286 1031 47076 176
                5449 1162 47132 142
                4586 1077 47181 143
                4475 817 47227 74
                4265 1001 47247 161
                5382 1131 47302 155
                4636 1104 47340 144
                4424 788 47382 76
                4380 1012 47404 145
                5211 1100 47444 178
                4693 1111 47498 181
                4299 760 47565 68
                4396 1039 47584 147
                5226 1132 47634 153
                4686 1158 47688 192
                4327 760 47746 72
                4405 1054 47774 166
                5194 1117 47823 158
                4452 1128 47871 167
                4500 762 47921 73
                4253 1051 47940 153
                5271 1159 47991 175
                4422 1167 48051 139
                4522 787 48095 78
                4329 1087 48125 174
                5328 1185 48181 204
                4479 1225 48250 171
                4630 780 48303 96
                4489 1136 48340 197
                5022 1153 48399 195
                4642 1261 48478 204
                4578 824 48547 102
                4560 1131 48586 188
                4935 1231 48646 206
                4764 1334 48715 194
                4636 887 48776 102
                4472 1084 48824 182
                4987 1217 48885 220
                4516 1264 48965 176
                4780 899 49004 99
                4396 1073 49028 148
                5014 1264 49070 203
                4466 1314 49133 171
                4743 883 49187 116
                4423 1099 49236 149
                4930 1272 49280 194
                4525 1349 49350 166
                4541 897 49385 103
                4593 1141 49420 182
                4774 1220 49485 190
                4732 1367 49549 197
                4283 874 49600 94
                4685 1162 49630 152
                4793 1284 49672 217
                4811 1387 49750 226
                4233 925 49834 110
                4588 1164 49867 167
                4814 1279 49906 193
                4690 1385 49971 206
                4364 953 50031 134
                4327 1173 50070 159
                4980 1350 50115 179
                4606 1387 50158 261
                4296 998 50249 112
                4399 1225 50288 170
                4899 1367 50346 187
                4612 1446 50414 218
                4411 1005 50502 122
                4518 1247 50544 193
                4489 1310 50605 186
                4691 1446 50660 240
                4419 1025 50746 121
                4386 1189 50787 162
                4651 1349 50829 205
                4853 1458 50904 213
                4445 1117 50977 125
                4206 1140 51020 152
                4985 1381 51059 229
                4665 1424 51142 219
                4751 1238 51212 153
                4153 1076 51265 136
                4952 1323 51304 172
                4799 1383 51353 217
                4512 1210 51419 151
                4200 1023 51462 118
                5122 1295 51503 181
                4965 1382 51552 263
                4464 1217 51621 158
                4383 1023 51681 112
                5118 1338 51707 195
                5082 1430 51755 222
                4452 1220 51809 155
                4339 956 51853 101
                5283 1399 51880 193
                5143 1413 51951 197
                4474 1288 52020 160
                4349 950 52073 110
                5434 1378 52087 176
                4926 1393 52137 195
                4544 1309 52203 140
                4303 922 52243 86
                5300 1391 52268 202
                4833 1332 52316 178
                4551 1301 52373 132
                4313 928 52403 87
                5184 1365 52417 164
                5301 1401 52457 168
                4434 1353 52498 141
                4434 937 52536 98
                4693 1260 52566 155
                5146 1403 52597 177
                4567 1289 52643 165
                4389 950 52697 74
                4649 1228 52714 125
                5156 1418 52741 149
                4623 1301 52782 121
                4165 904 52820 66
                4752 1246 52833 124
                5101 1382 52860 138
                4674 1309 52897 136
                4183 938 52953 84
                4754 1190 52965 128
                5076 1399 53003 148
                4620 1283 53040 110
                4179 906 53068 84
                4689 1222 53092 122
                5124 1346 53120 158
                4533 1290 53153 133
                4284 924 53188 90
                4584 1209 53211 146
                5282 1366 53252 162
                4615 1288 53306 156
                4494 1031 53353 78
                4500 1103 53369 124
                5286 1313 53408 157
                4799 1306 53454 169
                4388 1044 53502 86
                4759 1087 53519 127
                5281 1292 53566 180
                4795 1295 53619 167
                4253 963 53661 79
                4850 1140 53678 135
                5170 1212 53732 159
                4766 1230 53786 181
                4431 962 53836 97
                4765 1149 53862 134
                5489 1319 53897 182
                4722 1275 53963 158
                4565 1029 54010 109
                4692 1059 54039 131
                5535 1353 54084 161
                4786 1374 54144 184
                4313 956 54201 105
                4712 1143 54221 119
                5280 1358 54255 169
                4963 1438 54295 174
                4536 1080 54357 113
                4756 1112 54386 151
                5463 1378 54421 204
                4887 1421 54482 178
                4518 1028 54528 105
                4700 1133 54553 149
                5299 1347 54600 191
                4702 1378 54661 170
                4992 1093 54717 110
                4334 1080 54746 116
                5016 1388 54787 239
                4787 1366 54877 174
                4904 1065 54947 72
                4426 1131 54967 130
                5568 1420 55024 187
                4836 1425 55073 221
                4530 1058 55148 103
                4753 1119 55179 137
                5504 1398 55214 167
                5000 1378 55270 178
                4630 1054 55310 110
                4773 1133 55338 138
                5439 1407 55371 172
                5062 1452 55418 203
                4500 1082 55484 108
                4635 1060 55513 117
                5717 1380 55553 214
                4791 1369 55628 165
                4610 1089 55676 92
                4594 1070 55705 139
                5547 1409 55740 206
                4918 1355 55803 166
                4739 1077 55854 99
                4459 1054 55879 126
                5558 1404 55912 164
                4991 1407 55964 147
                4802 1119 56000 112
                4478 1080 56033 122
                5547 1417 56069 170
                5054 1490 56136 183
                5037 1185 56200 111
                4385 1044 56239 130
                5538 1465 56279 214
                4986 1491 56345 165
                5158 1218 56408 100
                4406 978 56446 117
                5729 1513 56489 192
                5092 1509 56554 192
                5163 1231 56622 123
                4481 1008 56660 92
                5667 1474 56688 204
                5024 1488 56760 206
                5231 1272 56839 144
                4423 940 56896 86
                5555 1504 56921 226
                5239 1525 56994 195
                5098 1246 57063 145
                4542 945 57114 109
                5754 1536 57152 225
                5189 1512 57236 187
                5181 1289 57302 139
                4538 935 57345 111
                5849 1559 57378 204
                5171 1631 57443 249
                5415 1365 57544 152
                4322 936 57595 106
                5976 1613 57621 218
                5232 1625 57701 221
                5373 1364 57767 151
                4408 960 57816 103
                5842 1559 57838 220
                5282 1596 57908 241
                5383 1312 57982 157
                4677 1035 58045 100
                5733 1555 58068 242
                5301 1620 58157 188
                5260 1305 58224 187
                4648 1041 58298 110
                5832 1565 58327 217
                5259 1623 58397 221
                5355 1378 58472 145
                3365 828 58517 85
                6009 1645 58537 240
                5224 1677 58617 245
                5563 1464 58698 177
                4506 961 58765 128
                5942 1676 58788 246
                5327 1717 58883 250
                5614 1524 58970 200
                4489 929 59036 88
                5878 1718 59056 284
                5404 1736 59147 256
                5588 1597 59247 215
                4698 981 59338 106
                5790 1700 59362 244
                5431 1789 59440 277
                5542 1585 59538 191
                3665 851 59612 70
                5737 1681 59619 265
                5386 1787 59705 230
                5607 1604 59794 213
                4755 1075 59880 112
                5646 1670 59908 226
                5337 1832 59987 279
                5553 1640 60075 221
                4842 1086 60143 86
                5635 1655 60158 253
                5061 1769 60254 261
                5714 1672 60362 273
                4871 1056 60465 106
                5275 1632 60488 267
                5386 1880 60587 266
                5573 1646 60681 229
                4881 1160 60763 106
                5827 1674 60790 272
                5497 1832 60889 252
                5434 1609 60980 192
                4962 1168 61037 96
                5906 1717 61060 266
                5324 1877 61147 235
                5606 1678 61218 211
                4889 1179 61293 103
                5919 1710 61318 220
                5445 1849 61382 247
                5474 1574 61445 190
                4975 1177 61504 128
                6038 1734 61538 232
                5571 1957 61613 251
                5499 1603 61685 186
                5002 1163 61739 93
                5942 1743 61775 236
                5534 1931 61851 284
                5490 1606 61941 198
                5134 1266 62012 104
                5758 1758 62035 255
                5283 1892 62110 254
                5731 1700 62189 233
                5108 1251 62270 140
                5780 1825 62318 284
                5566 2033 62420 264
                5521 1683 62514 202
                5064 1288 62573 121
                6040 1904 62605 278
                5597 1948 62712 225
                5541 1712 62773 210
                5135 1337 62835 128
                5966 1892 62860 275
                5678 2032 62953 247
                5603 1703 63046 213
                4954 1305 63135 119
                6099 1999 63175 302
                5794 2050 63292 261
                5379 1646 63375 202
                5080 1341 63443 139
                6016 1950 63474 279
                5240 2023 63572 273
                5843 1764 63674 254
                5193 1216 63766 134
                5162 1860 63794 275
                5365 2055 63905 314
                5873 1846 64021 280
                4839 1363 64125 118
                6189 2096 64154 300
                6191 2127 64267 316
                5351 1753 64387 243
                4913 1331 64486 120
                6408 2139 64523 322
                6493 2300 64633 353
                5656 2021 64753 290
                5170 1463 64858 156
                5686 1874 64899 256
                6595 2392 64996 320
                5759 2123 65090 302
                5126 1410 65197 105
                5790 1882 65218 290
                6689 2385 65337 349
                5715 2109 65453 293
                5305 1506 65552 133
                5681 1947 65585 287
                6572 2459 65685 373
                5771 2199 65820 326
                5473 1641 65947 169
                5559 1983 65993 317
                6553 2528 66121 372
                5826 2203 66239 353
                5486 1734 66364 182
                5599 2008 66417 255
                6573 2608 66490 373
                5803 2202 66602 343
                5703 1772 66727 200
                5513 1992 66801 269
                6462 2663 66901 388
                5970 2236 67035 340
                5728 1869 67144 205
                5559 1992 67206 263
                6607 2743 67305 399
                5950 2270 67435 310
                5738 1969 67527 204
                5627 1988 67552 278
                6658 2799 67638 358
                6008 2317 67763 274
                5801 1948 67853 165
                5650 1991 67890 258
                6834 2732 67982 371
                6034 2240 68104 293
                5796 1954 68191 147
                5739 2067 68227 245
                6871 2798 68303 338
                6015 2260 68430 253
                5819 1994 68512 153
                5851 2063 68556 277
                6953 2811 68639 333
                6015 2286 68729 253
                5811 2018 68804 185
                5849 2133 68850 250
                6981 2760 68921 359
                6125 2269 69020 226
                5888 2040 69081 185
                5852 2120 69136 251
                7007 2906 69215 370
                6236 2461 69341 295
                6042 2181 69411 198
                5866 2103 69466 248
                7183 2988 69530 366
                6438 2504 69643 347
                6181 2269 69741 245
                5875 2178 69823 270
                7293 3056 69897 411
                6538 2634 70038 330
                6251 2267 70136 204
                5846 2139 70189 257
                7473 3206 70274 400
                6578 2670 70394 332
                6142 2242 70495 258
                5994 2220 70575 299
                7465 3227 70679 421
                6403 2690 70805 327
                6164 2244 70911 212
                5975 2289 70967 290
                7438 3240 71062 405
                6704 2750 71196 307
                6229 2255 71295 231
                6074 2410 71345 268
                7518 3261 71424 407
                6764 2762 71557 412
                6169 2208 71693 243
                6024 2438 71759 316
                7660 3363 71852 428
                6782 2814 71976 378
                5269 1963 72080 237
                6038 2537 72140 297
                7658 3368 72223 454
                6891 2851 72352 372
                6219 2187 72478 232
                6177 2615 72552 316
                7845 3431 72641 458
                7082 2959 72789 387
                6286 2251 72916 209
                6325 2635 72974 296
                7822 3531 73061 397
                7151 2942 73191 387
                6390 2199 73328 219
                6370 2748 73371 366
                7968 3618 73475 421
                7241 2978 73616 361
                6345 2284 73738 222
                6548 2788 73786 350
                8112 3717 73891 402
                7260 3052 74016 388
                6368 2263 74125 218
                6774 2973 74173 322
                8231 3745 74262 484
                7376 3173 74404 388
                6418 2391 74524 217
                6874 3086 74571 346
                8367 3814 74648 480
                7399 3258 74790 440
                6479 2479 74925 237
                6937 3107 75012 383
                8507 3970 75126 533
                7294 3239 75296 438
                6588 2519 75464 235
                7072 3199 75542 334
                8497 4011 75634 500
                7363 3228 75789 382
                6433 2546 75914 255
                7349 3214 76001 339
                8557 3985 76097 551
                7413 3198 76289 418
                6411 2566 76435 258
                7543 3253 76499 346
                8652 4135 76589 502
                7493 3294 76737 476
                6458 2672 76904 270
                7729 3323 76987 329
                8842 4084 77080 504
                7529 3398 77252 491
                6578 2663 77413 271
                7882 3381 77501 336
                9123 4204 77582 497
                7685 3535 77753 571
                6567 2592 77967 270
                8220 3352 78035 328
                9085 4361 78128 584
                8118 3599 78309 521
                6510 2706 78494 304
                8561 3397 78606 311
                9164 4311 78701 551
                8457 3654 78881 541
                6532 2701 79070 273
                8812 3331 79141 308
                9393 4303 79232 541
                8316 3528 79425 438
                6871 2774 79569 318
                8895 3366 79661 311
                9778 4331 79746 528
                8319 3476 79905 503
                7015 2730 80065 313
                9069 3324 80164 328
               10062 4308 80252 545
                8305 3497 80418 474
                7232 2816 80575 315
                9298 3238 80666 311
               10244 4228 80752 532
                8299 3394 80904 451
                7212 2810 81039 323
                9529 3257 81146 297
               10367 4218 81221 520
                8353 3475 81380 494
                7371 2826 81539 274
                9670 3257 81595 315
